$ANSIBLE_VAULT;1.1;AES256
66383966306563663533613062383739373763366265376237653732653063396166383761613066
3133336534313362656665396165333239373336386364660a633935356137383830393534386135
36643062386365326665356235616565653436306138383662346564363139396339393361366562
3762323063623636310a633434336430636632613933623035326634636336353734343936613036
61636362363733343162336331303063373730313732653866616530666635656538653461613535
33376266633263613663626563373537636433633638393563663866383465643564616537626330
36646336396563356366373730633838643938663032623366383332353461386133333663313335
30666661323163316262643961633464656537333032316466326461646133353662633430386434
61313339666133616564323139633034636264326438616531636164323965353335643535323632
30396263363537646630333465626534663233333165353766383632313635326165353466306231
38343261633364656236633564643333353764333731303938396230633833373133313333666139
31636262663534356366653466356662353466366230363532613463363363613562383164653831
39623439376236303465656135323566303039396431613136353437393262643330633037643936
3832656437323263663733333535373936373864356661306237
