$ANSIBLE_VAULT;1.1;AES256
35623937303533636331613838323766613662396333353539393031303732333862613037303466
3135333734396363623966323665396132396138303364360a383735353336343136623661393638
36373931353030626330363739383436333631643730393932663933313539366338663564353231
3430373366623832310a316261313330333664363935623837346136343363643062393363386134
39663431636430643362303463613837633232346536663831333266313165343862633364363338
36316539333634316363363532326364353531396234653461613039623933346163396333373138
64653363303236383732643738663337653630363435316337353735386461313862356637336534
30653233343433643366353565363264623031313462333265336161653831366338313038333038
62386361383838346237666463396161653938646130333833393938613363613965356566316631
64343063376235356462643532336231353534663032383130343961363064646531623633633738
39616635366363346538636531376433643938636566646363346434653133376637646662336239
30643736663632323530386362633961333562643565626332356161303938396631356366303832
32623530616636633733333238333365376330666136333738313837653566383838386466313266
66643937376163363330646232653165396132653561616435333961386534653661333666383566
65393263613664323061656634346562613533623830336634386332303061323862376361646136
30613839356166356262303536326262303833633961366631343662316366623136393636333662
64353166306137363263616461326262393238386532616666353061633233636366643938363163
39666662346138633165383332366262366131666261626666633139336561346334646438663466
37396638653861363733306533326335616434316264666131326638623763326530373438363638
33386239343636323263353962663933666131303635623466653030333839333930303561363564
37386436333966363861386538343938346430373364393932623561343162613238643033323139
38613936363231366462643134323639383665663636326531393363386238383366333961306435
36323738383838666231393036343439313761643736653031613539623637353233336337356261
66303635323235306461653962373830393738313863386134393363393165313863396439383738
32623932643535646139336266643637643363383639373332333065393363343730613735636466
34313432616239636137396163613663623661343435303835306564356363373039313162383864
39356663303264626431613934653839623131373332646135366661393333356336316235626535
35313034616162306138323865303137653030646532626134373137323733626363303036373632
35313436356464323338316562383365303832326563336431396334666361356432643336393433
63643130363339383136613130616430326536333930336137626138346630623931303032376432
62333636303864306166653666613863353231303065396333353561323132356332666135346138
64643932373332666334353961663334663738643737343232393830383862633362643234613938
33386538653661353366313961333264666237613133626430376139663965346233
