$ANSIBLE_VAULT;1.1;AES256
64616232353963353163313038666363396431303763646263326337643864376334313833396434
6464326630653036646438383738646539376133356663340a333433313565393831656562666130
32646264336130386238386238663732323438386331353965326566326138643030633433333662
3638323236323032320a383262363935343538313639346337343836633534373332356539356163
61366364326533373033613563623232373634313664333339666439636432313265393435383766
63646565626137303735643731356662343930613235626436396635663935663831356336633934
65316630303037386235383035313865633032346162663737636365393631336661303631373937
63353736323831633732646564386638623162356136656161363939643664343436343238303333
31373032323936303838363363633763373461376433643864366164396239336635653162646434
32393837333065303332646661653838636239653564656134323636633932623963343238373635
30623562393364613134633966383131313130393934393462653965393830306530373161316561
34623965376332353563653662646430303230633965643638396237663366633433353630613234
61323834333939313163386635313833336531653862356537306536326235616532336262306263
34646632353434333763613336376561613131313733376363393163633537396362643132343937
37323139623232323862343834663232313731653633366334336537666465653065376331306638
31353034653135656534663664333436666238646338373135643137343730646664343934316266
31323537323431396339613838393335373934666364663864306161653666313736313366386137
30333637633865663535343365376564323737343835333062343531326536363934376365636137
61643665663735393663373362373331643530393732666462656564306139303233343230306338
62663361333335666432313634666131356264623163393935376331616132663339623837623561
35623133643833383766363564393537616633656436306132353837623465653061663765343534
62326261306337313038383564376266653333313135313437646131613138366334616165333565
36383965386436333465383336313530383335623132633630346535666666613233343936626435
37623866663365373037323761633538303834656534653937653530306365363064336162643136
34326165323736653363663233623536633336656462623066326437343964393636653339396264
30383837326539383664343664663066306538363062363331316239373732363931373865613234
38376132316566336630363862623835333230646531346336303562613465643165376534646664
65313835353834363632326430616562316230366362386237356337323435346462333935363038
34376664613733643039366536393761353632393038636333353863333139376462333631333963
38353961663266313063353261666335363463336566386531643936663239346637613636613564
65643333356539633934366561323166343761376530643361643665313964636235636463306131
63393563666362613330316538396331633138333935383139666639343130376164333366623965
31333339366336653134663439386366386665333065623662653632303036333561653437393632
65393839366164376330623862396637373964626432333465313963363430663837333061333438
31373538323235623732633533626562346438333935333364636161336236623532346632383731
35323131366436323032343362626338613464633634636665336130393039643166663964663366
61643735616531386237646534383233366531656331616363313834336132326338303461633938
34303264373362666466633666643133666531663262623366653534613332366436626532393330
64303433646531333432343135643532656133653830656263336365653461316435363036366230
63643235346166613131643062373231396163306239313333666465353634616631313132306537
39346139633565633133303938353161333430633937616536383264613731653639303339323532
64366561393062306665383862633932343161383764643831373236656630626263353839653163
33306134313263336461346366353830653732626231353036636535303830356366346264663061
64376165393963316139346262666437393632616139393765366366626134643830336630653132
31383161653665383265363135336261316261313334643566313438666231323534303631663566
39323561306437626132653862356261333233666464386261373734303263396566346634656235
35336165306461393361626638366630333766626661376538633131306631323237336638646333
38613732623161393937636338373339323838316532633765646635343633333633656163383166
34313834396632316462333935366261346133646664623766636434363439653333303836666261
64356366656138663361346636313838333663393161363232376438393066623232393766383365
61346361326536396234373630333137336436383432343564346333373838653464616337393662
33326230656438663061343035663065326638646264646330333565656163383765643531346636
38323361666365613633323833326563356134343532643764313137353761653164396265643266
37363764346139313465666431653866363736333938363739656463353238333931613134373063
38663264326233396230316239636539636165646334326434326333393037666162306565663635
30643133303139363663633762636230393734653539323137643936323665386264393563613362
37353934353463336162346366663535393361333965343137646136393362333665666233313662
32396534336264393431646336353132626562633333366638323466613262346433386563316530
66383461666530373962646433646165623332356562313838333230646366623537636566366538
63333330633533616136663334626332616164356336343462363132333431666433666164623833
30613439306230633838613466643665613738373834366366346534356234623564386334363966
37383136366438386263373665343933303836663037646236383333666233663832633765363837
61366535646633316630633361323061343639306438396365313732393663663361626565306238
32643561333937383639363865626534313237353133306566303938613261393163383636623536
39666430373962366634663839306366663438653466343433376231343730623137373039363435
61383862353433353430653135386136346232376233313732303731393333336163373434653638
33663161336462356465363861343730333236633939363463636266363838343333623562353734
63336631373964306266
