$ANSIBLE_VAULT;1.1;AES256
63653264343033313731643033626533656162396137633633616137336466616362356462613931
6330363438343630353432313331393865393136393762320a353464313265633538373636303833
34356633656630316336346265363539643765363739356666313734616237653032356162326563
3131393866383630360a303131333638376332356633326436323964323666666663363732633438
63306433313366323936663738633830313761386232356265633434653837326633633536396465
39343065323230633638636666643564343266376365303038336163626432343335666565646239
30326336663965306665626336626164366261646630616239663337336162653764613938623830
65613264363266366230303165613132366131623463623536333266623031346566643035643961
30623266616531666464336663306132636532336431393332663064343866353939363631663065
64663433616564663263666531623961316665313937336236333137353139336463303230666466
31333438613962313033613634326431613263383464613934326662313330376332646237323134
32346138396161653536
