$ANSIBLE_VAULT;1.1;AES256
64323561356439323237356663653231353563336135386634343766376363343934306565666462
3537366635373937633961666237393663646239643137630a393139613335323861313530333435
36643636303730666230353461623365336237326633303636363863643361306565623264613333
3934353766653031380a393830643461363637646261616563653230366639383537363039633535
33656230363166643564663934353435626335393166313733623139353863376666363665663135
63346136626137653034626434643736343633316138396265636634653437383730363262613232
65326465346532363230653664316138386330663238383562396362343833326538396533376566
61343063333966363639323164313933303133623938333332623264663231323265376466653030
31346438346437356664326161333462616331306261326262333039313933316534666536326434
66623437316338373965613135396165636264653762313264663363353662613732353934663063
35353265656162333035366562616434663733636630643039313833623764323965656336666633
34663563653535376639373966363039323931643436633561383330303832373461396563306163
36396137366461373264333933326330353637393437373963356538323535313230363239316633
64343835336165316534656463393134313739303863373036653739633930313830356564653861
64363663386435386561373964393162373832646665663263306630353261623234343138363233
62373765636133643261363935626330313661396161646230313664386263383331303533643865
61336665663130353161323563616661626637366263633033386332303135326638646464343239
32323135353832313261303730613531323436656435633034363836633866346436323732663062
31633466343631353631383138646230306362623861653031313439363462386238376165633733
65346638633435343037383131653638356530653834323137386435336361386336316135306538
35666434343431333661373261326430636633646632376531646166303761656134623635363434
3539366566396133656262346634313964323665326662393363
