$ANSIBLE_VAULT;1.1;AES256
65396136373733316539376464396135313136316565366134373334653336333832616234623363
3237343431326632343233633234313235373364333030330a643166643262353439376132393263
36353138613634653538386231356132323531333534393734326466633136393133643864343161
3134313737613464380a323932303165663964623662656538643338326233656464356162373337
62323333626330316638623464323630643932373032643462623831336130663437623163373861
30306237353561333336336266663161366434343562333138353031353262653239326265353233
63636462386361366663623663653439643163656231356436656130393337356239303531383832
63326336363163323032653564633734316133306239323165616165643164303464626337643365
36336365656338653565633030613164623637363533653638653430333863386162373939663939
66636334393562663665366131323134636266376638343965643537313930333231346435316163
65666533623138343430663138303039333038646566363862393434316238333966306361343535
38393036396163316634616337396336656335393063346135663462313865383732613262313432
66383730383832666532336133306236353033363934393763383434633732643834666265393535
33373263633538343535633865663137333564313833306166333563623833633464393235396661
31363534613739343265346632656333323436356361333436363433666438333064636637326566
32353437346336316262356533366637316331653831333335316530653163646538333038343536
38336163623930373465633063376363396534363963643633393366333730626161646162393934
31323830396535633266326233366366613532343239373066353364373863383265363833393331
37613137336464333864653861386331646331316163343632323933653561613830353665376131
37316232633135646262333730306633353531383061376530333466353735333765663066663339
39373133663730313261353766353464636434323666396566396530326630363038666634616231
35373136363639393632303539376366306366616331636533303830653766376262316638663139
62366433666231616564353137666133643531323934343336373938316531333532306364336335
65373530326365343563316633636264643533633662346639333930313234303265343035306337
35316661653234343838376236633565663233633931643565323034393337343462386264653065
31633666666261626631323661396234396636663135316132393038663735303030663265616465
37383633316335643636316665366566613463336534396430653837303832323338656134373761
64626533633530386537313961336633396438656538343036346662313938393339656361323439
66323038656537353830333434626234383836663838333462326530353563366239633039643530
35613439633832653133663864353532373435326135343062343636393836313036333333376231
30356231326263353162303737646131316663666633383363623331386530623035666131343964
64356462356131363134303938633061636236623637626331393661373632623034343666383530
35313939366161373939656438313032376436383631316261656466393262326461373631343839
64393932623365323264653664396464386134653966333563343561383866623365303333613763
63303131303766326638363736393831626130633032363663303230643366366230623237626632
62653663653630613535376635623134393065353564666136393861383934623962383839633866
63393633323138303061323634643430323435346364353736623062653464346637366435336666
31363138356665353131633166656230343835333439653766646634303761333738336334383337
32393966356461346132383631376230653462303965393239613132663237393239653663613966
38393038323939386266303232313031633263626130323762336165336630346532313732366338
62303734323532386264333730326537346537383338333730303332316561316639666230633235
30396161653230653863656434393938316564313162343032353432373763376239626464353666
31386134326339623838336661393465336530333733346261356262376262653935613765353038
66326138373264393434616630666137353035376266346162366535346366613262356161653335
38396230306530633938353562383132373031653163363361383263393737323161636539336261
32343237353833356665363138626435343063656438666663633930303761643564306630353465
31303761633064376664343234616132666661353034303333313036643633383631383030376336
65646238363238306139633235313962663335313232613534326263633935313763343664313465
33333262666161353238616265313938626634363334616664613635313232613933653062313661
66303136616363333632303161646239376561363830656237383366396463316432303763643030
39633164393536643661653333316232656131383265386361386532303262646236653238343934
63363134333361616334
