$ANSIBLE_VAULT;1.1;AES256
65306338336562326365666636356462326335396132363066356166393435623634396265343338
6162373863353637393033356333303261393535613564650a643161373165346430386631323439
35633232323061343730303239616539666131613234313130643833353465343836653838653437
3139623939363361320a623365313833626239633963623532396461633839623166363030343233
31313766326233613331636136663530633934633734626165393463383634373364323565623366
31653739663164636133623434393335366363363830633839633866613635653866393931353339
36623739343430353866326332376238393139383134303831616236653639643839363163346138
36663531313138326234646162316164643839633432643631633562343331346466636530623331
35353532306463306632633237363733356330316534353434323166663961616632613934663364
33616232303632363163623666393165363766393835636662323631623032643839646562633738
64663334303837376230373731326439643937313363646332313766643465363363363632353663
64643835616564613237343730376136366438643461323739316161323762613637303863323963
65333134366539376261633263383835656265306430623832633166623734616166616138313536
37316539316566316561616635663636666561656362646438663161626137393834326238343534
366537356134626335303463376434316636
