$ANSIBLE_VAULT;1.1;AES256
32326339613363616338383633353961333961303163376630373237306230663334353338623435
3266336564646134613066633238633839386162313134620a386238393265653037383966386364
35353262656635386164326138313563333433393832383830306337376464373938336631653933
6666353831343963330a623766376236343336323135326661346332373564656532656631323539
36643132386364303434373933316264373138333834323464633036396431316336313334386235
30646338643632333966663932336435643662306563666436323665613839663562643264373261
66383862366632303938663633666435333436326534306133323261313032336131336466313233
62363034313765343366613065373737393439336437366235363264616264346435306330323462
63666662376132336664636663383836633738653536326666626132356234313764366462306335
38663534613934383062636465373136323361623061613631393833626431333236373566363030
36636533623666633763333663363863393165343036383761666237333965363966663030306635
37333031643439353230366630613539653937376366373462356432343434666162366332626638
32343138386566633132666662373362383330383436343662396533663034656235646163313364
63313965643830346666346133633337373661303039623039313437313737613836653636643233
34356334343032333538643363353364643437613237393530666261376533643830343165623833
33316262363762313437373431356130343731363337396561353961643966653133353532353530
30626439633566663736396539383664343861376138663236336338626439346563663837326163
61613333343430643636633566303536313431393430633138346233643732373437663438643432
37383637623938333465666231303862393836633062343133636639396235643132303333613631
63666335376464666663383736376666626465316439336332383531633838646334623437623633
63626236613239616539666665646334626531633831333831376361373833653762303039393232
63353030393032323164333064623231373639653264626439653532303239616336383830323437
31613663666565666535383430303032356637333737303832636433343230313063393763383965
30656265633231376365353231323163633538313231373939636363666137333761643034653733
37396239653366653266643562386566316230616564656230643930303137663462306131353837
31633562363964383936316365663638616239393236333237343436653062306538323364353934
62343365373665346537323564396163613761633462646161373830353861366365376134343536
35323039383865613230646663306336343566636233313336313931666162633662316338653966
65643536303931363931646237373930373535623336356664316133303239653830393934623362
38366130333965323362643034643337363065306263386233373830623732396231363131663661
37343366326534316365356137313435313631353932333566636632383962623437356230633565
33376438643862396137323361393833366636613863363637646662346533383563636261653333
31663864363132666662326330663661386335383338346434393933396365303437393835346636
32633839626264636361666466383430336562383137633866623639393266646333346437353532
32306666386336313136343733356130616165316538333332323462383137353036363435363039
39393161353430323931663632633364393336336464353739373064663762303738373936353864
39303964366362613437336531363934666630656366386165343261336531363332613837316531
33363238356163366165336636313432386337306465666134613938396430396532353661313662
30353564613332626262363033623034353464623530383266663433323265313763626238336434
33626462666637366135313438323039326138376532616331356664356535333434363737363137
39363430393761626163323330626466373731316362613635396539386162383039383732613563
35366537353734353430313633396535323538613561326266326264316166663930326631356432
38306233363835646166633136653261663066643336386137333134306333663536313365613939
66636234363766393332326238316365613863303936663335616231353431323738366336343831
32626437386463376336633038623431646562626432396137356530346434373237346231653864
3839616133386134666236616661303835393466343137623462
